              precision    recall  f1-score   support

           0       0.22      0.41      0.28      9864
           1       0.26      0.47      0.34     11356
           2       0.15      0.08      0.10      9936
           3       0.15      0.20      0.17     10202
           4       0.17      0.08      0.11      9718
           5       0.11      0.08      0.09      9012
           6       0.20      0.13      0.16      9902
           7       0.16      0.18      0.17     10350
           8       0.11      0.09      0.10      9684
           9       0.16      0.09      0.12      9976

    accuracy                           0.18    100000
   macro avg       0.17      0.18      0.16    100000
weighted avg       0.17      0.18      0.17    100000
